White Sea North  (916,63)  (891,87)  (891,62)  (940,88)  (916,38)  (941,38)  (941,63)  (889,37)  (897,112)  (872,112)  (866,87)  (866,62)  (965,88)  (965,113)  (914,13)  (939,13)  (964,13)  (966,38)  (966,63)  (864,37)  (864,12)  (889,12)  (847,114)  (989,0)  (841,89)  (841,64)  (990,88)  (990,113)  (991,25)  (991,50)  (839,39)  (839,14)  (1006,138)  (816,94)  (816,69)  (1015,75)  (1015,100)  (1016,27)  (814,44)  (814,19)  (1026,163)  (1031,125)  (791,81)  (1040,52)  (1040,77)  (789,56)  (789,31)  (789,6)  (1056,102)  (1056,127)  (1065,45)  (1065,70)  (764,66)  (764,41)  (764,16)  (1081,95)  (1081,120)  (739,56)  (739,31)  (739,6)  (714,50)  (714,25)  (714,0)  (689,50)  (689,25)  (689,0)  (664,54)  (664,29)  (664,4)  (639,54)  (639,29)  (639,4)  (614,62)  (614,37)  (614,12)  (589,66)  (589,41)  (589,16)  (564,18)  (539,17)  (514,10)  (489,16)  (464,36)  (464,11)  (439,41)
Kingisepp  (654,1338)  (629,1327)  (679,1334)
Pori  (248,1164)  (223,1188)  (223,1163)  (267,1189)  (221,1138)  (234,1213)  (209,1213)  (198,1188)  (198,1163)  (196,1138)  (196,1113)  (221,1113)  (204,1238)
Volkhav  (904,1229)  (879,1253)  (879,1228)  (928,1254)  (904,1204)  (929,1204)  (929,1229)  (877,1203)  (854,1275)  (854,1250)  (902,1179)  (954,1223)  (852,1225)  (852,1200)  (829,1281)  (829,1256)  (878,1154)  (804,1281)
Salla  (490,514)  (465,538)  (465,513)  (514,539)  (490,489)  (515,489)  (515,514)  (463,488)  (489,563)  (464,563)  (440,538)  (440,513)  (539,540)  (514,564)  (439,564)  (488,464)  (513,464)  (438,488)  (438,463)  (463,463)  (489,588)  (464,588)  (519,589)  (488,439)  (513,439)  (425,438)  (450,438)  (494,613)  (469,613)  (528,614)  (475,414)  (500,414)  (525,414)  (503,638)  (478,638)  (453,638)  (533,639)  (491,389)  (516,389)  (508,663)  (483,663)  (458,663)  (536,664)  (511,688)  (486,688)  (461,688)  (539,689)  (566,693)  (514,713)  (489,713)  (464,713)  (541,714)  (571,718)  (516,738)  (491,738)  (546,739)  (581,743)  (521,763)  (496,763)  (471,777)
Lenningrad  (768,1241)  (743,1222)
Kem  (728,604)  (703,628)  (703,603)  (752,629)  (728,579)  (753,579)  (753,604)  (701,578)  (727,653)  (702,653)  (678,628)  (678,603)  (777,629)  (777,654)  (752,654)  (677,654)  (726,554)  (751,554)  (776,554)  (778,579)  (778,604)  (676,578)  (676,553)  (701,553)  (653,629)  (653,604)  (802,629)  (672,679)  (652,654)  (726,529)  (751,529)  (776,529)  (803,590)  (651,579)  (651,554)  (651,529)  (676,528)  (701,528)  (647,684)  (826,654)  (628,629)  (628,604)  (627,659)  (627,504)  (726,504)  (751,504)  (626,579)  (626,554)  (626,529)  (652,503)  (677,503)  (622,690)  (603,634)  (603,609)  (602,665)  (601,584)  (601,559)  (601,534)  (578,633)  (576,608)  (576,583)
Mid Baltic  (84,1053)  (59,1077)  (59,1052)  (108,1078)  (84,1028)  (109,1028)  (109,1053)  (57,1027)  (83,1102)  (58,1102)  (34,1077)  (34,1052)  (133,1078)  (133,1103)  (108,1103)  (33,1103)  (82,1003)  (107,1003)  (32,1027)  (32,1002)  (57,1002)  (83,1127)  (58,1127)  (9,1078)  (9,1053)  (153,1128)  (128,1128)  (33,1128)  (8,1128)  (8,1103)  (82,978)  (107,978)  (7,1028)  (7,1003)  (7,978)  (32,977)  (57,977)  (132,956)  (103,1152)  (78,1152)  (158,1153)  (133,1153)  (53,1153)  (28,1153)  (3,1153)  (82,953)  (107,953)  (25,952)  (50,952)  (108,1177)  (83,1177)  (157,1178)  (58,1178)  (33,1178)  (8,1178)  (75,928)  (132,1202)  (107,1202)  (157,1203)  (82,1203)  (57,1203)  (32,1203)  (7,1203)  (132,1227)  (107,1227)  (158,1228)  (82,1228)  (57,1228)  (32,1228)  (7,1228)  (90,1253)  (65,1253)  (40,1253)  (15,1253)  (25,1278)  (0,1278)
Lake Ladoga  (758,1104)  (733,1116)  (733,1091)  (782,1129)  (758,1079)  (783,1081)  (757,1141)  (719,1066)  (708,1099)  (807,1106)  (807,1131)  (782,1154)  (744,1054)  (809,1156)  (832,1112)  (784,1179)  (834,1137)  (834,1162)  (799,1204)
Lokka  (406,309)  (381,333)  (430,334)  (391,284)  (416,284)  (431,309)  (405,358)  (380,358)  (455,334)  (455,359)  (430,359)  (403,259)  (428,238)  (405,383)  (480,344)  (430,384)  (403,234)  (428,213)  (403,209)  (428,188)  (422,163)
White Sea South  (911,463)  (886,487)  (886,462)  (935,488)  (911,438)  (936,438)  (936,463)  (884,437)  (874,512)  (861,487)  (861,462)  (960,488)  (909,413)  (934,413)  (959,413)  (961,438)  (961,463)  (859,437)  (874,412)  (849,524)  (972,513)  (837,412)  (984,390)  (874,537)  (836,499)  (836,474)  (985,488)  (986,415)  (986,440)  (834,449)  (849,549)  (824,549)  (824,524)  (812,424)  (1007,365)  (1009,390)  (811,499)  (811,474)  (1010,465)  (1010,490)  (1011,415)  (1011,440)  (809,449)  (872,574)  (847,574)  (1032,342)  (787,424)  (1034,367)  (1035,465)  (1035,490)  (911,595)  (886,599)  (861,599)  (1035,317)  (937,610)  (762,432)  (1060,314)  (1060,477)  (1060,502)  (976,613)  (951,635)  (737,429)  (1051,289)  (1076,289)  (1085,487)  (982,638)  (712,425)  (1057,264)  (1082,264)  (1057,239)  (1082,239)  (1048,214)  (1073,214)  (1098,214)  (1057,189)  (1082,189)
Jyvaskyla  (445,893)  (420,917)  (420,892)  (469,918)  (445,868)  (470,868)  (470,893)  (418,867)  (444,942)  (419,942)  (395,917)  (395,892)  (486,943)  (394,943)  (443,843)  (468,843)  (393,867)  (393,842)  (418,842)  (461,967)  (436,967)  (370,918)  (370,893)  (491,968)  (411,968)  (386,968)  (369,943)  (443,818)  (468,818)  (368,868)  (361,976)  (345,918)  (345,893)  (344,951)  (354,1001)  (336,976)  (320,926)  (319,951)  (311,976)  (294,951)
Arkhangelsk  (1088,593)  (1063,617)  (1063,592)  (1106,618)  (1088,568)  (1061,567)  (1081,642)  (1056,642)  (1038,617)  (1038,592)  (1106,643)  (1036,567)  (1036,542)  (1061,542)  (1031,649)  (1081,667)  (1056,667)  (1013,598)  (1106,668)  (1011,573)  (1031,674)  (1006,674)  (1081,692)  (1056,692)  (986,574)  (986,549)  (1031,699)  (1006,699)  (981,699)  (961,574)  (961,549)  (1041,724)  (1016,724)  (991,724)  (966,724)  (956,699)  (952,674)  (936,564)  (936,539)  (941,747)  (1012,749)  (987,749)  (931,703)  (927,678)  (916,764)  (962,772)  (902,702)  (902,677)  (937,789)  (912,789)  (877,694)  (877,669)
South Baltic  (215,1332)  (190,1356)  (190,1331)  (215,1307)  (240,1335)  (188,1306)  (165,1356)  (165,1331)  (265,1342)  (163,1306)  (163,1281)  (140,1356)  (140,1331)  (290,1342)  (138,1306)  (138,1281)  (115,1356)  (115,1331)  (315,1337)  (113,1306)  (90,1356)  (90,1331)  (340,1333)  (88,1306)  (65,1356)  (65,1331)  (365,1327)  (365,1352)  (63,1306)  (40,1342)  (390,1315)  (390,1340)  (38,1317)  (415,1318)
Mirny  (1070,858)  (1045,882)  (1045,857)  (1094,883)  (1070,833)  (1095,833)  (1095,858)  (1043,832)  (1069,907)  (1044,907)  (1020,882)  (1020,857)  (1106,908)  (1068,808)  (1093,808)  (1018,832)  (1018,807)  (1043,807)  (1081,932)  (1056,932)  (995,867)  (1068,783)  (1093,783)  (993,842)  (993,817)  (1036,782)  (1056,957)  (1063,758)  (1088,758)  (1094,733)
Vassa  (237,1016)  (212,1040)  (212,1015)  (261,1041)  (237,991)  (262,991)  (262,1016)  (210,990)  (226,1065)  (201,1065)  (187,1040)  (187,1015)  (235,966)  (287,1007)  (185,990)  (185,965)  (210,965)  (162,1047)  (162,1022)  (160,997)  (203,940)
Helsinki  (432,1203)  (407,1227)  (407,1202)  (456,1228)  (432,1178)  (457,1178)  (457,1203)  (405,1177)  (416,1252)  (391,1252)  (382,1227)  (382,1202)  (366,1268)
Kola  (843,265)  (818,289)  (818,264)  (867,290)  (843,240)  (868,240)  (868,265)  (816,239)  (842,314)  (817,314)  (793,289)  (793,264)  (892,290)  (892,315)  (867,315)  (792,315)  (841,215)  (866,215)  (891,215)  (893,240)  (893,265)  (791,239)  (791,214)  (816,214)  (916,192)  (842,339)  (817,339)  (768,269)  (917,290)  (917,315)  (917,340)  (892,340)  (867,340)  (792,340)  (767,340)  (841,190)  (866,190)  (891,190)  (918,217)  (918,242)  (766,244)  (766,219)  (766,194)  (791,189)  (816,189)  (746,169)  (916,167)  (941,167)  (941,192)  (842,364)  (817,364)  (942,267)  (942,292)  (942,317)  (942,342)  (917,365)  (892,365)  (867,365)  (792,365)  (767,365)  (841,165)  (866,165)  (891,165)  (943,217)  (943,242)  (771,164)  (796,164)  (944,367)  (742,369)  (740,144)  (966,167)  (966,192)  (967,267)  (967,292)  (967,317)  (967,342)  (968,217)  (968,242)  (765,139)  (790,139)  (732,119)  (991,183)  (992,267)  (992,292)  (993,208)  (993,233)  (757,114)  (721,94)  (1017,258)  (1018,226)
Kotka  (553,1158)  (528,1182)  (528,1157)  (577,1183)  (578,1152)  (524,1207)  (503,1182)  (499,1211)
Vilpuri  (657,1146)  (632,1170)  (632,1145)  (657,1121)  (682,1127)
Mezen  (1106,416)  (1089,391)  (1106,441)  (1081,441)  (1081,416)  (1086,366)
Turku  (297,1250)  (272,1274)  (272,1249)  (321,1275)  (297,1225)  (322,1225)  (322,1250)  (296,1299)  (271,1299)  (247,1271)  (327,1300)  (313,1200)  (338,1200)
Inari  (317,252)  (292,269)  (292,244)  (341,277)  (317,227)  (342,227)  (342,252)  (283,219)  (267,251)  (344,302)  (308,202)  (333,202)  (358,202)  (367,227)  (275,194)  (300,177)  (325,177)  (350,177)  (274,169)  (299,152)  (324,152)  (349,152)  (374,152)  (270,144)  (295,127)  (320,127)  (345,127)  (286,102)  (311,102)
Tampere  (327,1109)  (302,1133)  (302,1108)  (351,1134)  (327,1084)  (352,1084)  (352,1109)  (300,1083)  (315,1158)  (277,1122)  (325,1059)  (275,1097)
Sweden  (151,441)  (126,465)  (126,440)  (175,466)  (151,416)  (124,415)  (150,490)  (125,490)  (200,490)  (175,491)  (149,391)  (123,390)  (150,515)  (125,515)  (197,516)  (148,366)  (123,365)  (172,540)  (147,540)  (197,541)  (148,341)  (123,340)  (41,332)  (66,332)  (91,332)  (172,565)  (147,565)  (205,566)  (116,315)  (50,307)  (75,307)  (180,590)  (155,590)  (130,590)  (56,282)  (131,615)  (102,675)  (77,675)  (52,675)  (27,675)  (2,675)  (98,700)  (73,700)  (48,700)  (23,700)  (84,725)  (59,725)  (34,725)  (9,725)  (83,750)  (58,750)  (33,750)  (8,750)  (89,775)  (64,775)  (39,775)  (14,775)  (100,800)  (75,800)  (50,800)  (25,800)  (0,800)  (85,825)  (60,825)  (35,825)  (10,825)  (79,850)  (54,850)  (29,850)  (4,850)  (50,875)  (25,875)  (0,875)  (8,900)
Kemi  (382,561)  (357,585)  (357,560)  (406,586)  (382,536)  (407,561)  (355,535)  (381,610)  (356,610)  (332,585)  (332,560)  (413,611)  (331,611)  (382,511)  (330,535)  (388,635)  (363,635)  (307,586)  (307,561)  (415,636)  (338,636)  (390,660)  (365,660)  (282,594)  (282,569)  (418,661)  (340,661)  (257,576)
Estonia  (579,1358)
Ladoga  (747,961)  (722,985)  (722,960)  (771,986)  (747,936)  (772,936)  (772,961)  (720,935)  (746,1010)  (697,984)  (796,986)  (788,1011)  (745,911)  (787,911)  (797,939)  (695,959)  (695,934)  (720,910)  (694,909)  (785,1036)  (670,968)  (670,943)  (697,884)
Lahti  (455,1116)  (430,1137)  (430,1112)  (479,1141)  (455,1091)  (480,1091)  (480,1116)  (425,1087)  (405,1138)  (405,1113)  (450,1066)  (475,1066)  (500,1066)  (505,1091)  (505,1116)  (400,1088)  (400,1063)  (425,1062)  (450,1041)  (475,1041)  (500,1041)  (380,1038)  (405,1037)  (430,1016)  (455,1016)  (480,1016)
Oulu  (304,821)  (279,845)  (279,820)  (328,846)  (304,796)  (329,796)  (329,821)  (303,870)  (278,870)  (253,871)  (292,771)  (317,771)  (342,771)  (354,796)  (354,821)  (367,758)  (273,896)  (248,896)  (228,871)  (301,746)  (326,746)  (379,783)  (351,733)  (376,733)  (392,758)  (262,921)  (317,721)  (401,721)  (362,708)
Rybachy  (542,47)
Kandalaksha  (594,383)  (569,407)  (569,382)  (618,408)  (567,357)  (592,343)  (617,338)  (642,335)  (593,432)  (568,432)  (643,417)  (618,433)  (542,353)  (567,332)  (538,328)  (652,442)  (592,318)  (617,313)  (664,360)  (642,310)  (667,310)  (667,335)  (563,307)  (513,321)  (538,303)  (677,450)  (506,296)  (588,293)  (613,288)  (689,360)  (638,285)  (663,285)  (688,285)  (692,310)  (692,335)  (563,282)  (531,278)  (702,458)  (481,290)  (506,271)  (588,268)  (475,265)  (713,264)  (613,263)  (638,260)  (663,260)  (688,260)  (717,289)  (717,314)  (556,257)  (727,460)  (713,239)  (605,238)  (630,235)  (655,235)  (680,235)
South Sweden  (-3,1349)
Olonets  (926,1058)  (901,1082)  (901,1057)  (926,1033)  (951,1033)  (899,1032)  (883,1107)  (876,1082)  (876,1057)  (924,1008)  (949,1008)  (974,1008)  (874,1032)  (874,1007)  (899,1007)  (851,1072)  (924,983)  (849,1047)  (849,1022)  (849,997)  (874,982)  (899,982)  (824,1045)
Barents Sea  (57,27)  (32,51)  (32,26)  (59,52)  (57,2)  (82,2)  (82,27)  (30,1)  (100,52)  (33,76)  (8,76)  (7,51)  (7,26)  (107,0)  (107,25)  (5,1)  (32,101)  (7,101)
Savonlinna  (667,1046)  (642,1070)  (642,1045)  (667,1021)  (640,1020)  (617,1085)  (617,1060)  (615,1035)  (615,1010)  (594,985)  (592,1084)  (590,1059)  (590,1034)  (569,1009)  (565,1056)  (544,1031)  (544,1006)
Segezha  (866,888)  (841,912)  (841,887)  (890,913)  (866,863)  (891,863)  (891,888)  (839,862)  (865,937)  (911,938)  (864,838)  (916,860)  (916,885)  (814,881)  (814,856)  (839,837)  (870,813)  (789,878)
Belomorsk  (689,802)  (664,810)  (664,785)  (713,827)  (689,777)  (714,777)  (714,802)  (646,760)  (639,797)  (738,827)  (738,852)  (671,752)  (696,752)  (721,752)  (739,777)  (739,802)  (746,745)  (632,735)  (763,827)  (657,727)  (682,727)  (707,727)  (764,770)  (764,795)  (732,720)  (757,720)  (771,745)  (782,709)  (789,770)  (789,795)  (749,695)  (796,734)  (799,684)  (807,709)  (814,759)  (814,784)  (821,734)  (824,684)  (839,759)  (839,784)
North Baltic  (188,778)  (163,802)  (163,777)  (212,803)  (188,753)  (213,753)  (213,778)  (161,752)  (187,827)  (162,827)  (212,828)  (137,828)  (186,728)  (211,728)  (236,728)  (238,753)  (238,778)  (136,765)  (136,740)  (161,727)  (135,715)  (261,705)  (187,852)  (162,852)  (137,853)  (186,703)  (211,703)  (236,703)  (263,730)  (160,702)  (112,875)  (261,680)  (286,680)  (174,877)  (149,878)  (185,678)  (210,678)  (235,678)  (142,677)  (260,655)  (285,655)  (169,903)  (144,903)  (171,653)  (196,653)  (221,653)  (246,630)  (213,628)
Petsamo  (472,115)  (447,128)  (481,90)  (465,153)
Kuopio  (535,876)  (559,901)  (534,901)  (518,851)  (543,851)  (560,876)  (568,843)  (584,901)  (584,926)  (559,926)  (514,826)  (539,826)  (585,868)  (564,818)  (589,818)  (593,843)  (609,893)  (609,918)  (567,951)  (517,801)  (610,868)  (558,793)  (583,793)  (618,830)  (634,893)  (635,855)  (660,850)
East Bay of Finland  (646,1258)
Swedish Assistance  (71,498)  (46,522)  (46,497)  (95,523)  (71,473)  (44,472)  (21,541)  (21,516)  (69,448)  (94,448)  (19,491)  (19,466)  (44,447)
Bay of Finland  (541,1269)  (516,1293)  (516,1268)  (565,1294)  (547,1244)  (566,1269)  (572,1238)  (540,1318)  (515,1318)  (491,1293)  (491,1268)  (588,1319)  (490,1319)  (591,1263)  (597,1219)  (466,1294)  (465,1326)  (441,1287)
International Assistance  (71,611)  (46,635)  (46,610)  (95,636)  (71,586)  (44,585)  (21,647)  (21,622)  (19,597)  (19,572)
Tikhvin  (954,1318)  (929,1342)  (929,1317)  (978,1343)  (954,1293)  (979,1293)  (979,1318)  (928,1292)  (904,1356)  (904,1331)  (1003,1343)  (903,1306)  (984,1268)  (1004,1293)  (1004,1318)  (879,1356)  (879,1331)  (1028,1343)  (878,1306)  (1029,1272)  (1029,1297)  (854,1347)  (1053,1322)  (1053,1347)  (853,1322)  (1054,1272)  (1054,1297)  (1078,1322)  (1078,1347)  (828,1320)  (1079,1267)  (1079,1292)  (1103,1317)  (1103,1342)  (1104,1252)  (1104,1277)
Vyborg  (705,1201)  (680,1210)  (702,1176)  (730,1180)  (655,1214)
Time Limit  (33,404)  (8,417)  (8,392)  (33,379)  (58,379)  (58,404)  (4,367)  (83,361)  (83,386)  (83,411)
Murmansk  (580,195)  (555,216)  (555,191)  (580,170)  (605,170)  (605,195)  (550,166)  (530,223)  (530,198)  (575,145)  (600,145)  (625,145)  (630,170)  (630,195)  (525,173)  (525,148)  (550,141)  (650,125)  (513,123)  (505,228)  (505,203)  (575,120)  (600,120)  (625,120)  (655,150)  (655,175)  (500,178)  (500,153)  (538,116)  (650,100)  (675,100)  (675,125)  (480,226)  (619,95)  (680,150)  (680,175)  (705,148)  (705,173)
Kasivarsi  (323,438)  (298,462)  (298,437)  (347,463)  (323,413)  (348,413)  (348,438)  (296,412)  (322,487)  (297,487)  (273,462)  (273,437)  (372,463)  (272,488)  (321,388)  (373,422)  (271,412)  (271,387)  (296,387)  (248,463)  (248,438)  (272,513)  (247,513)  (247,488)  (321,363)  (246,413)  (246,388)  (246,363)  (271,362)  (296,362)  (223,458)  (222,338)  (221,433)  (221,408)  (221,383)  (247,337)  (272,337)  (297,337)  (197,328)  (222,313)  (247,312)  (272,312)  (187,303)  (212,288)  (237,287)  (93,251)  (83,226)
Volosovo  (768,1335)  (743,1344)  (743,1319)  (768,1310)  (793,1341)  (726,1294)  (751,1285)  (701,1303)  (701,1278)  (676,1286)
Petrozavodsk  (1025,1103)  (1000,1127)  (1000,1102)  (1049,1128)  (1025,1078)  (1050,1078)  (1050,1103)  (998,1077)  (1024,1152)  (999,1152)  (975,1127)  (975,1102)  (1074,1128)  (1074,1153)  (1049,1153)  (974,1153)  (1023,1053)  (1048,1053)  (1073,1053)  (1075,1078)  (1075,1103)  (1098,1030)  (1024,1177)  (999,1177)  (950,1128)  (1099,1128)  (1099,1153)  (1099,1178)  (1074,1178)  (1049,1178)  (974,1178)  (949,1157)  (1050,1028)  (1100,1055)  (1100,1080)  (1075,1005)  (1100,1005)  (1024,1202)  (999,1202)  (925,1132)  (1106,1203)  (1081,1203)  (1056,1203)  (1094,980)  (1031,1227)  (1006,1227)  (1065,1228)
Norway  (221,123)  (196,147)  (196,122)  (235,148)  (221,98)  (194,97)  (246,91)  (210,172)  (185,172)  (171,147)  (171,122)  (235,173)  (169,97)  (169,72)  (243,66)  (268,65)  (160,183)  (293,51)  (210,197)  (185,197)  (146,158)  (146,133)  (239,198)  (164,47)  (243,41)  (268,40)  (160,208)  (135,208)  (135,183)  (296,26)  (214,222)  (189,222)  (121,158)  (121,133)  (321,24)  (321,49)  (164,233)  (139,233)  (110,194)  (108,108)  (186,1)  (96,169)  (96,144)  (346,23)  (346,48)  (348,73)  (71,187)  (71,162)  (371,0)  (373,65)  (385,90)  (46,197)  (46,172)  (46,147)  (396,0)  (410,71)  (410,96)  (21,219)  (18,281)  (1,256)
Chiza  (1105,16)